0
1
526
946
893
384
960
37
150
605
31
893
71
541
970
586
310
688
670
507
47
707
287
4
187
352
940
905
230
189
395
664
320
438
959
885
746
697
330
688
832
212
230
316
297
903
358
230
240
766
168
449
800
421
816
497
367
346
324
184
323
245
548
141
355
663
550
261
143
562
456
399
859
404
375
519
397
893
17
341
605
399
183
445
299
910
688
925
260
340
119
703
216
975
111
463
471
422
260
628
576
65
217
27
999
715
902
913
350
213
257
736
546
980
989
505
893
210
63
445
596
243
463
208
648
780
413
64
63
513
762
235
613
361
173
292
837
879
403
791
526
714
611
73
913
619
521
149
253
916
290
569
850
321
916
850
156
636
356
503
924
920
670
358
569
619
690
915
779
648
969
91
241
43
982
595
857
339
678
143
984
367
856
315
927
177
935
741
969
698
632
832
465
507
287
434
851
197
161
662
549
998
292
457
759
568
90
463
962
880
474
410
894
551
429
136
563
503
955
822
509
448
819
91
848
222
408
244
817
74
814
420
665
931
814
723
758
953
204
521
108
314
768
803
980
507
789
614
53
562
841
626
76
203
907
685
990
463
206
871
913
681
464
4
876
524
149
798
273
0
793
271
873
644
725
498
714
187
659
579
256
878
107
790
529
893
994
454
260
471
412
95
839
321
777
23
570
836
797
645
669
171
288
465
547
980
261
980
865
251
173
255
166
426
596
772
602
514
964
273
305
213
698
413
42
431
951
592
481
575
210
75
195
0
734
502
317
716
671
387
168
800
318
813
928
591
249
970
735
96
125
408
452
91
798
914
69
403
890
161
959
328
596
432
590
288
225
959
138
728
754
960
894
878
224
628
71
237
998
940
269
176
879
940
328
472
42
388
110
928
532
303
624
455
282
447
498
674
948
935
59
727
373
456
740
373
489
175
925
870
804
574
854
96
207
88
519
711
114
439
712
219
167
12
506
773
947
855
628
668
915
32
643
179
709
7
508
823
752
996
688
638
966
31
967
84
543
715
457
49
553
344
680
315
176
763
949
674
130
820
761
926
191
604
520
589
273
431
934
562
139
897
227
667
21
229
524
332
999
641
684
532
177
216
635
603
557
550
789
505
800
589
774
796
240
384
775
605
135
767
40
976
750
611
265
329
173
770
752
558
361
149
299
80
466
803
825
460
876
972
250
80
812
261
50
616
330
293
654
942
360
201
751
490
673
218
354
421
202
73
303
702
386
923
29
208
559
42
370
520
111
38
447
544
273
288
443
769
186
301
170
919
324
668
122
447
415
972
854
973
994
878
959
725
466
243
741
250
916
518
905
867
770
120
130
685
918
578
974
124
622
886
485
279
621
79
775
261
479
32
599
420
773
989
953
970
607
895
71
431
374
882
342
76
481
900
325
394
583
955
745
856
165
166
909
832
100
235
822
521
496
320
573
936
964
132
809
125
861
94
714
553
337
681
617
685
398
269
705
975
747
138
510
876
568
416
480
397
29
548
83
46
993
912
612
695
142
928
919
438
217
18
362
792
504
388
281
988
411
589
92
500
328
842
578
946
25
383
230
855
571
439
696
130
272
123
514
621
925
165
822
968
361
574
487
686
596
722
212
915
431
176
367
616
713
723
252
457
966
624
633
782
364
908
928
228
19
426
970
484
710
940
303
13
148
88
571
265
658
477
441
169
394
511
633
886
177
572
915
726
533
10
276
906
811
738
703
313
448
213
916
943
610
599
878
193
383
616
326
583
797
584
660
897
903
80
981
361
739
35
342
217
898
375
963
175
250
114
591
783
431
827
78
779
245
906
865
217
936
94
906
818
466
802
394
77
14
303
773
587
493
600
766
751
604
496
381
843
844
844
969
472
217
451
880
883
572
898
187
387
630
71
894
455
445
476
331
527
495
582
426
835
183
989
428
804
800
891
744
744
975
835
459
571
643
967
414
405
322
362
827
469
270
890
160
614
616
415
204
197
565
0
733
592
281
474
659
67
965
318
510
381
298
375
823
141
425
767
836
329
325
228
627
625
44
865
563
592
792
427
41
637
79
186
872
972
244
622
252
765
731
20
865
745
670
508
949
125
35
421
38
790
899
724
447
494
896
809
809
991
840
539
388
508
192
626
233
410
545
243
20
658
932
604
764
57
992
497
961
849
895
886
279
519
826
967
819
960
715
551
178
481
922
440
64
726
291
970
230
95
888
610
873
997
899
41
348
704
219
988
878
224
867
67
28
497
622
96
693
11
378
796
208
449
985
890
91
577
405
394
40
189