605
71
970
670
507
707
905
903
800
404
375
605
703
975
471
576
902
505
208
173
879
403
73
503
670
779
678
177
507
474
503
509
408
74
204
108
803
507
76
203
907
206
871
876
273
271
873
579
878
107
471
777
570
171
173
772
602
273
305
575
75
502
671
800
970
408
403
878
71
176
879
472
303
674
373
373
175
870
804
574
207
506
773
179
709
508
176
674
604
273
177
603
505
800
774
775
605
976
173
770
803
876
972
201
673
202
73
303
702
208
370
273
301
170
972
973
878
905
770
578
974
279
79
775
479
773
970
607
71
374
76
900
909
100
573
809
705
975
876
504
500
578
571
272
574
176
908
970
303
571
477
177
572
276
906
703
878
903
375
175
78
779
906
906
802
77
303
773
600
604
472
572
71
476
804
800
975
571
405
270
204
474
375
79
872
972
670
508
809
809
508
604
279
178
970
873
704
878
378
208
577
405
